1,1000.000 ,1000.000 ,1138.000 
2,1066.510 ,978.184 ,1126.163 
3,1096.171 ,1002.457 ,1128.254 
4,1057.280 ,978.303 ,1125.953 
5,1048.053 ,986.784 ,1125.657 
6,1023.505 ,958.667 ,1125.763 
7,1015.637 ,955.082 ,1125.966 
8,1005.820 ,955.389 ,1126.193 
9,991.953 ,960.687 ,1126.386 
10,976.368 ,964.691 ,1126.535 
11,963.204 ,967.411 ,1126.732 
12,950.646 ,971.585 ,1126.786 
13,944.511 ,976.168 ,1126.508 
14,942.948 ,983.006 ,1128.617 
15,945.551 ,982.816 ,1128.497 
16,947.587 ,980.969 ,1128.578 
17,950.319 ,975.390 ,1128.053 
18,959.238 ,971.293 ,1128.416 
19,963.339 ,970.088 ,1128.415 
20,967.871 ,969.467 ,1127.536 
21,970.205 ,969.075 ,1127.032 
22,975.773 ,967.404 ,1127.821 
23,981.082 ,966.670 ,1127.782 
24,986.667 ,966.203 ,1127.187 
25,992.081 ,963.799 ,1127.523 
26,996.640 ,962.510 ,1127.457 
27,1000.486 ,962.307 ,1127.325 
28,1005.863 ,959.093 ,1127.641 
29,1013.846 ,957.720 ,1127.764 
30,1018.869 ,960.097 ,1127.136 
31,1021.913 ,962.312 ,1126.313 
32,1023.990 ,963.787 ,1126.315 
33,1035.618 ,966.522 ,1127.696 
34,1043.207 ,972.649 ,1128.097 
35,1044.537 ,981.108 ,1128.191 
36,1040.570 ,992.872 ,1127.960 
37,1037.628 ,1000.500 ,1127.999 
38,1035.093 ,1003.294 ,1128.364 
39,1035.245 ,1007.948 ,1128.186 
40,1027.492 ,1010.902 ,1130.536 
41,1028.973 ,1001.151 ,1130.895 
42,1031.690 ,989.854 ,1130.844 
43,1030.377 ,981.971 ,1130.763 
44,1024.349 ,974.772 ,1130.063 
45,1018.020 ,971.390 ,1129.688 
46,1012.490 ,967.527 ,1129.529 
47,1001.192 ,969.493 ,1129.725 
48,993.241 ,969.818 ,1129.347 
49,981.216 ,974.293 ,1130.304 
50,984.703 ,971.754 ,1129.202 
51,975.652 ,975.907 ,1130.046 
52,969.617 ,978.510 ,1129.447 
53,963.588 ,980.007 ,1130.624 
54,957.030 ,984.734 ,1131.883 
55,952.833 ,987.742 ,1132.160 
56,947.931 ,991.019 ,1131.923 
57,941.380 ,995.278 ,1133.690 
58,935.805 ,993.451 ,1133.451 
59,934.921 ,984.262 ,1130.336 
60,936.093 ,978.231 ,1128.627 
61,932.270 ,974.553 ,1128.543 
62,929.181 ,987.507 ,1131.943 
63,928.937 ,998.973 ,1135.433 
64,931.402 ,1008.155 ,1136.816 
65,934.405 ,1014.781 ,1136.219 
66,946.333 ,1008.223 ,1135.906 
67,956.697 ,997.345 ,1134.716 
68,965.995 ,1004.132 ,1136.135 
69,981.470 ,1000.441 ,1137.330 
70,985.247 ,990.871 ,1135.722 
71,956.806 ,976.320 ,1129.443 
72,986.022 ,983.072 ,1133.233 
73,1003.146 ,985.378 ,1134.415 
74,1015.959 ,987.119 ,1133.859 
75,1024.129 ,990.213 ,1132.919 
76,1024.938 ,997.933 ,1132.978 
77,1021.162 ,1014.273 ,1132.639 
78,1015.369 ,1023.415 ,1132.984 
79,1007.198 ,1030.287 ,1133.517 
80,1000.828 ,1029.975 ,1134.315 
81,995.121 ,1034.524 ,1133.520 
82,988.801 ,1029.826 ,1133.469 
83,986.898 ,1016.770 ,1135.586 
84,991.409 ,1009.589 ,1137.963 
85,1000.412 ,1015.774 ,1137.393 
86,1007.258 ,1010.183 ,1137.441 
87,1008.240 ,1002.166 ,1137.359 
88,1002.538 ,994.448 ,1137.076 
89,1003.129 ,999.684 ,1137.639 
90,1014.433 ,964.440 ,1128.632 
91,982.500 ,1000.511 ,1137.378 
92,976.057 ,1007.028 ,1136.830 
93,959.844 ,1004.128 ,1135.766 
94,956.623 ,1009.264 ,1135.516 
95,945.068 ,1011.971 ,1135.767 
96,929.798 ,1018.449 ,1136.124 
97,932.595 ,1025.872 ,1132.876 
98,938.320 ,1023.706 ,1132.292 
99,947.482 ,1020.798 ,1132.318 
100,953.119 ,1016.226 ,1133.277 
101,960.309 ,1015.909 ,1133.587 
102,968.718 ,1017.318 ,1133.342 
103,976.231 ,1009.845 ,1136.325 
104,1001.582 ,1012.311 ,1137.886 
105,999.932 ,1014.858 ,1137.547 
106,985.244 ,1031.776 ,1131.692 
107,981.200 ,1027.426 ,1130.722 
108,972.153 ,1023.771 ,1129.937 
109,955.725 ,1023.454 ,1129.687 
110,940.977 ,1029.818 ,1129.108 
111,930.372 ,1034.872 ,1128.916 
112,931.716 ,1042.482 ,1125.616 
113,942.202 ,1035.913 ,1126.861 
114,953.929 ,1031.760 ,1127.398 
115,959.944 ,1032.699 ,1126.824 
116,966.588 ,1033.001 ,1126.361 
117,971.496 ,1038.998 ,1126.335 
118,973.582 ,1046.436 ,1127.125 
119,973.903 ,1055.554 ,1127.788 
120,979.581 ,1061.775 ,1130.259 
121,984.819 ,1064.897 ,1130.876 
122,986.137 ,1052.169 ,1130.229 
123,993.276 ,1053.425 ,1130.553 
124,998.329 ,1060.396 ,1129.125 
125,1004.600 ,1063.953 ,1126.520 
126,1007.661 ,1055.849 ,1127.487 
127,1008.057 ,1050.113 ,1128.279 
128,996.454 ,1047.252 ,1131.113 
129,1007.647 ,1040.970 ,1130.725 
130,1017.307 ,1037.545 ,1129.422 
131,1013.989 ,1026.845 ,1132.392 
132,1033.571 ,1016.155 ,1127.826 
133,1029.216 ,1027.669 ,1128.286 
134,1026.800 ,1031.103 ,1128.363 
135,1026.932 ,1035.874 ,1126.946 
136,1022.524 ,1045.707 ,1126.358 
137,1016.127 ,1056.316 ,1125.069 
138,1015.186 ,1059.786 ,1124.213 
139,1012.426 ,1067.182 ,1123.610 
140,1017.609 ,1067.330 ,1121.875 
141,1026.600 ,1048.938 ,1123.184 
142,1032.476 ,1033.300 ,1123.996 
143,1038.490 ,1017.752 ,1124.596 
144,1042.681 ,1002.082 ,1125.191 

