928.0   955.0   1332.647
928.0   960.0   1295.891
928.0   965.0   1250.088
928.0   970.0   1183.077
928.0   975.0   1133.425
928.0   980.0   1091.595
928.0   985.0   1066.425
928.0   990.0   1158.019
928.0   995.0   1194.642
928.0   1000.0   1099.232
928.0   1005.0   1133.944
928.0   1010.0   1146.407
928.0   1015.0   1145.748
928.0   1020.0   1095.592
928.0   1025.0   1099.321
928.0   1030.0   1107.807
928.0   1035.0   1105.672
928.0   1040.0   1138.864
928.0   1045.0   1129.418
928.0   1050.0   1186.498
928.0   1055.0   1254.687
928.0   1060.0   1281.016
928.0   1065.0   1310.4
933.0   955.0   1323.26
933.0   960.0   1213.293
933.0   965.0   1141.611
933.0   970.0   1133.602
933.0   975.0   1124.751
933.0   980.0   1089.029
933.0   985.0   1121.516
933.0   990.0   1175.326
933.0   995.0   1147.099
933.0   1000.0   1097.384
933.0   1005.0   1053.134
933.0   1010.0   1153.263
933.0   1015.0   1136.72
933.0   1020.0   1161.526
933.0   1025.0   1138.26
933.0   1030.0   1110.528
933.0   1035.0   1135.282
933.0   1040.0   1195.643
933.0   1045.0   1107.916
933.0   1050.0   1174.03
933.0   1055.0   1258.558
933.0   1060.0   1278.578
933.0   1065.0   1310.638
938.0   955.0   1154.425
938.0   960.0   1096.208
938.0   965.0   1058.255
938.0   970.0   1123.181
938.0   975.0   1100.29
938.0   980.0   1094.54
938.0   985.0   1115.5
938.0   990.0   1205.095
938.0   995.0   1118.312
938.0   1000.0   1097.17
938.0   1005.0   1212.542
938.0   1010.0   1132.582
938.0   1015.0   1122.304
938.0   1020.0   1157.94
938.0   1025.0   1157.34
938.0   1030.0   1127.599
938.0   1035.0   1119.356
938.0   1040.0   1168.453
938.0   1045.0   1176.087
938.0   1050.0   1162.054
938.0   1055.0   1264.082
938.0   1060.0   1279.337
938.0   1065.0   1304.662
943.0   955.0   1124.73
943.0   960.0   1149.928
943.0   965.0   1087.642
943.0   970.0   1081.545
943.0   975.0   1126.384
943.0   980.0   1123.782
943.0   985.0   1140.849
943.0   990.0   1107.562
943.0   995.0   1144.652
943.0   1000.0   1168.924
943.0   1005.0   1254.965
943.0   1010.0   1126.53
943.0   1015.0   1089.519
943.0   1020.0   1113.406
943.0   1025.0   1090.074
943.0   1030.0   1132.97
943.0   1035.0   1146.587
943.0   1040.0   1149.108
943.0   1045.0   1182.067
943.0   1050.0   1197.052
943.0   1055.0   1292.172
943.0   1060.0   1283.34
943.0   1065.0   1302.237
948.0   955.0   1210.467
948.0   960.0   1159.298
948.0   965.0   1091.508
948.0   970.0   1103.91
948.0   975.0   1034.849
948.0   980.0   1087.457
948.0   985.0   1157.198
948.0   990.0   1143.859
948.0   995.0   1148.834
948.0   1000.0   1232.724
948.0   1005.0   1205.838
948.0   1010.0   1115.96
948.0   1015.0   1090.959
948.0   1020.0   1130.746
948.0   1025.0   1131.439
948.0   1030.0   1121.344
948.0   1035.0   1192.339
948.0   1040.0   1144.327
948.0   1045.0   1136.536
948.0   1050.0   1214.699
948.0   1055.0   1239.659
948.0   1060.0   1262.594
948.0   1065.0   1286.486
953.0   955.0   1217.198
953.0   960.0   1155.029
953.0   965.0   1108.61
953.0   970.0   1134.631
953.0   975.0   1118.912
953.0   980.0   1124.803
953.0   985.0   1126.265
953.0   990.0   1088.139
953.0   995.0   1127.274
953.0   1000.0   1173.005
953.0   1005.0   1102.803
953.0   1010.0   1090.439
953.0   1015.0   1135.207
953.0   1020.0   1123.808
953.0   1025.0   1123.258
953.0   1030.0   1150.314
953.0   1035.0   1153.523
953.0   1040.0   1121.28
953.0   1045.0   1175.417
953.0   1050.0   1307.755
953.0   1055.0   1243.13
953.0   1060.0   1272.026
953.0   1065.0   1290.796
958.0   955.0   1407.106
958.0   960.0   1231.573
958.0   965.0   1112.932
958.0   970.0   1155.764
958.0   975.0   1092.339
958.0   980.0   1163.205
958.0   985.0   1153.642
958.0   990.0   1044.628
958.0   995.0   1156.957
958.0   1000.0   1186.837
958.0   1005.0   1095.028
958.0   1010.0   1118.914
958.0   1015.0   1112.709
958.0   1020.0   1169.79
958.0   1025.0   1157.226
958.0   1030.0   1122.133
958.0   1035.0   1106.718
958.0   1040.0   1074.859
958.0   1045.0   1251.8
958.0   1050.0   1344.494
958.0   1055.0   1190.92
958.0   1060.0   1213.97
958.0   1065.0   1253.105
963.0   955.0   1334.245
963.0   960.0   1293.422
963.0   965.0   1213.359
963.0   970.0   1121.335
963.0   975.0   1171.438
963.0   980.0   1175.138
963.0   985.0   1162.496
963.0   990.0   1052.298
963.0   995.0   1004.354
963.0   1000.0   966.369
963.0   1005.0   1173.775
963.0   1010.0   1278.26
963.0   1015.0   1174.339
963.0   1020.0   1205.946
963.0   1025.0   1175.572
963.0   1030.0   1140.013
963.0   1035.0   1197.859
963.0   1040.0   1187.737
963.0   1045.0   1280.717
963.0   1050.0   1233.76
963.0   1055.0   1177.02
963.0   1060.0   1210.817
963.0   1065.0   1257.971
968.0   955.0   1217.776
968.0   960.0   1262.612
968.0   965.0   1131.32
968.0   970.0   1147.403
968.0   975.0   1193.866
968.0   980.0   1102.993
968.0   985.0   1091.352
968.0   990.0   1069.122
968.0   995.0   781.402
968.0   1000.0   1078.979
968.0   1005.0   1213.84
968.0   1010.0   1225.504
968.0   1015.0   1187.369
968.0   1020.0   1134.956
968.0   1025.0   1118.367
968.0   1030.0   1148.557
968.0   1035.0   1176.628
968.0   1040.0   1182.563
968.0   1045.0   1173.902
968.0   1050.0   1126.166
968.0   1055.0   1124.485
968.0   1060.0   1172.75
968.0   1065.0   1225.175
973.0   955.0   1353.562
973.0   960.0   1137.169
973.0   965.0   1122.348
973.0   970.0   1194.499
973.0   975.0   1046.54
973.0   980.0   1061.055
973.0   985.0   1094.631
973.0   990.0   1022.49
973.0   995.0   1020.617
973.0   1000.0   1142.588
973.0   1005.0   1196.92
973.0   1010.0   1244.332
973.0   1015.0   1172.893
973.0   1020.0   1107.842
973.0   1025.0   1123.496
973.0   1030.0   1106.539
973.0   1035.0   1114.955
973.0   1040.0   1161.678
973.0   1045.0   1141.975
973.0   1050.0   1085.766
973.0   1055.0   1115.506
973.0   1060.0   1197.404
973.0   1065.0   1235.24
978.0   955.0   1246.391
978.0   960.0   1144.066
978.0   965.0   1125.243
978.0   970.0   1106.392
978.0   975.0   1114.698
978.0   980.0   1179.485
978.0   985.0   1130.981
978.0   990.0   1297.824
978.0   995.0   1118.993
978.0   1000.0   1088.464
978.0   1005.0   1146.21
978.0   1010.0   1147.961
978.0   1015.0   1195.412
978.0   1020.0   1057.773
978.0   1025.0   1049.173
978.0   1030.0   1092.995
978.0   1035.0   1178.99
978.0   1040.0   1214.539
978.0   1045.0   1151.976
978.0   1050.0   1107.175
978.0   1055.0   1069.101
978.0   1060.0   1118.265
978.0   1065.0   1146.258
983.0   955.0   1201.577
983.0   960.0   1125.832
983.0   965.0   1149.673
983.0   970.0   1174.826
983.0   975.0   1098.73
983.0   980.0   1174.937
983.0   985.0   1195.065
983.0   990.0   1078.976
983.0   995.0   1114.235
983.0   1000.0   1096.092
983.0   1005.0   1112.367
983.0   1010.0   1171.556
983.0   1015.0   1174.19
983.0   1020.0   1164.164
983.0   1025.0   1177.066
983.0   1030.0   1138.667
983.0   1035.0   1176.904
983.0   1040.0   1145.282
983.0   1045.0   1101.031
983.0   1050.0   1116.56
983.0   1055.0   1077.409
983.0   1060.0   1023.927
983.0   1065.0   1124.289
988.0   955.0   1185.531
988.0   960.0   1065.055
988.0   965.0   1092.992
988.0   970.0   1099.129
988.0   975.0   1050.224
988.0   980.0   1083.483
988.0   985.0   1107.486
988.0   990.0   1012.07
988.0   995.0   1050.744
988.0   1000.0   1075.483
988.0   1005.0   1119.057
988.0   1010.0   1121.885
988.0   1015.0   1179.802
988.0   1020.0   1224.596
988.0   1025.0   1203.175
988.0   1030.0   1173.498
988.0   1035.0   1155.772
988.0   1040.0   1213.246
988.0   1045.0   1092.38
988.0   1050.0   1137.406
988.0   1055.0   1244.216
988.0   1060.0   1216.028
988.0   1065.0   1053.599
993.0   955.0   1216.28
993.0   960.0   1153.005
993.0   965.0   1164.136
993.0   970.0   1124.078
993.0   975.0   1180.366
993.0   980.0   1070.974
993.0   985.0   958.271
993.0   990.0   934.773
993.0   995.0   1083.163
993.0   1000.0   1187.15
993.0   1005.0   1086.73
993.0   1010.0   1124.927
993.0   1015.0   1244.965
993.0   1020.0   1191.895
993.0   1025.0   1169.828
993.0   1030.0   1110.403
993.0   1035.0   1151.698
993.0   1040.0   1059.796
993.0   1045.0   1111.173
993.0   1050.0   1140.224
993.0   1055.0   1156.71
993.0   1060.0   1174.448
993.0   1065.0   1107.745
998.0   955.0   1239.577
998.0   960.0   1102.302
998.0   965.0   1098.18
998.0   970.0   1062.184
998.0   975.0   1065.001
998.0   980.0   1101.695
998.0   985.0   984.765
998.0   990.0   1248.824
998.0   995.0   1226.952
998.0   1000.0   1227.177
998.0   1005.0   1205.418
998.0   1010.0   1131.287
998.0   1015.0   1174.659
998.0   1020.0   1209.72
998.0   1025.0   1182.532
998.0   1030.0   1134.77
998.0   1035.0   1126.374
998.0   1040.0   1010.706
998.0   1045.0   1114.942
998.0   1050.0   1136.788
998.0   1055.0   1111.598
998.0   1060.0   1130.943
998.0   1065.0   1127.884
1003.0   955.0   1203.86
1003.0   960.0   1134.823
1003.0   965.0   1101.449
1003.0   970.0   1122.824
1003.0   975.0   1169.516
1003.0   980.0   1156.975
1003.0   985.0   1092.69
1003.0   990.0   1177.244
1003.0   995.0   1119.338
1003.0   1000.0   1138.26
1003.0   1005.0   1117.125
1003.0   1010.0   1104.98
1003.0   1015.0   1112.831
1003.0   1020.0   1119.381
1003.0   1025.0   1088.36
1003.0   1030.0   1098.434
1003.0   1035.0   1073.42
1003.0   1040.0   1131.902
1003.0   1045.0   1130.676
1003.0   1050.0   1147.118
1003.0   1055.0   1093.688
1003.0   1060.0   1133.057
1003.0   1065.0   1158.404
1008.0   955.0   1109.956
1008.0   960.0   1120.727
1008.0   965.0   1103.763
1008.0   970.0   1083.773
1008.0   975.0   1128.939
1008.0   980.0   1122.261
1008.0   985.0   1056.193
1008.0   990.0   1043.215
1008.0   995.0   1014.775
1008.0   1000.0   1064.804
1008.0   1005.0   1165.45
1008.0   1010.0   1129.487
1008.0   1015.0   1243.672
1008.0   1020.0   1259.11
1008.0   1025.0   1192.672
1008.0   1030.0   1158.27
1008.0   1035.0   1109.71
1008.0   1040.0   1150.792
1008.0   1045.0   1150.281
1008.0   1050.0   1128.362
1008.0   1055.0   1139.106
1008.0   1060.0   1088.737
1008.0   1065.0   1110.786
1013.0   955.0   1092.87
1013.0   960.0   1132.241
1013.0   965.0   1188.141
1013.0   970.0   1060.633
1013.0   975.0   1108.332
1013.0   980.0   1070.692
1013.0   985.0   1074.094
1013.0   990.0   980.965
1013.0   995.0   1203.56
1013.0   1000.0   1352.361
1013.0   1005.0   1172.61
1013.0   1010.0   1063.184
1013.0   1015.0   1230.749
1013.0   1020.0   1163.7
1013.0   1025.0   1180.277
1013.0   1030.0   1238.369
1013.0   1035.0   1267.281
1013.0   1040.0   1130.328
1013.0   1045.0   1122.911
1013.0   1050.0   1121.292
1013.0   1055.0   1150.869
1013.0   1060.0   1109.546
1013.0   1065.0   1098.642
1018.0   955.0   1165.823
1018.0   960.0   1131.43
1018.0   965.0   1055.725
1018.0   970.0   1116.349
1018.0   975.0   1075.7
1018.0   980.0   1180.894
1018.0   985.0   1215.867
1018.0   990.0   1039.859
1018.0   995.0   1417.001
1018.0   1000.0   1298.511
1018.0   1005.0   1220.039
1018.0   1010.0   1082.664
1018.0   1015.0   1165.498
1018.0   1020.0   1221.773
1018.0   1025.0   1097.87
1018.0   1030.0   1196.719
1018.0   1035.0   1226.557
1018.0   1040.0   1226.236
1018.0   1045.0   1089.926
1018.0   1050.0   1099.113
1018.0   1055.0   1134.843
1018.0   1060.0   1126.469
1018.0   1065.0   1122.723
1023.0   955.0   1133.572
1023.0   960.0   1120.614
1023.0   965.0   1101.133
1023.0   970.0   1171.377
1023.0   975.0   1078.199
1023.0   980.0   1030.932
1023.0   985.0   973.358
1023.0   990.0   1087.086
1023.0   995.0   1225.934
1023.0   1000.0   1237.296
1023.0   1005.0   1251.161
1023.0   1010.0   1139.805
1023.0   1015.0   1048.724
1023.0   1020.0   1203.095
1023.0   1025.0   1178.354
1023.0   1030.0   1093.965
1023.0   1035.0   1185.331
1023.0   1040.0   1183.572
1023.0   1045.0   1125.72
1023.0   1050.0   1115.734
1023.0   1055.0   1149.717
1023.0   1060.0   1149.898
1023.0   1065.0   1135.459
1028.0   955.0   1244.55
1028.0   960.0   1290.018
1028.0   965.0   1119.891
1028.0   970.0   1078.732
1028.0   975.0   1083.755
1028.0   980.0   1096.795
1028.0   985.0   910.217
1028.0   990.0   1033.448
1028.0   995.0   1214.522
1028.0   1000.0   1084.868
1028.0   1005.0   1166.552
1028.0   1010.0   1157.55
1028.0   1015.0   1021.956
1028.0   1020.0   1188.677
1028.0   1025.0   1190.438
1028.0   1030.0   1043.688
1028.0   1035.0   1117.408
1028.0   1040.0   1130.818
1028.0   1045.0   1212.509
1028.0   1050.0   1138.892
1028.0   1055.0   1119.023
1028.0   1060.0   1119.773
1028.0   1065.0   1051.334
1033.0   955.0   1216.857
1033.0   960.0   1228.151
1033.0   965.0   1130.473
1033.0   970.0   1114.752
1033.0   975.0   1242.305
1033.0   980.0   1231.546
1033.0   985.0   1056.043
1033.0   990.0   1133.147
1033.0   995.0   1189.622
1033.0   1000.0   1102.477
1033.0   1005.0   1180.576
1033.0   1010.0   1143.169
1033.0   1015.0   1136.856
1033.0   1020.0   1145.354
1033.0   1025.0   1114.793
1033.0   1030.0   1065.388
1033.0   1035.0   1151.57
1033.0   1040.0   1212.519
1033.0   1045.0   1137.915
1033.0   1050.0   1214.16
1033.0   1055.0   1120.876
1033.0   1060.0   1074.295
1033.0   1065.0   1185.509
1038.0   955.0   1222.255
1038.0   960.0   1264.669
1038.0   965.0   1135.27
1038.0   970.0   1072.103
1038.0   975.0   1210.621
1038.0   980.0   1178.633
1038.0   985.0   1090.288
1038.0   990.0   1150.303
1038.0   995.0   1141.743
1038.0   1000.0   1131.635
1038.0   1005.0   1056.631
1038.0   1010.0   1021.009
1038.0   1015.0   1080.227
1038.0   1020.0   1155.141
1038.0   1025.0   1042.909
1038.0   1030.0   1089.522
1038.0   1035.0   1116.073
1038.0   1040.0   1284.832
1038.0   1045.0   1173.336
1038.0   1050.0   1027.89
1038.0   1055.0   1162.587
1038.0   1060.0   1260.522
1038.0   1065.0   1275.912
1043.0   955.0   1370.332
1043.0   960.0   1223.502
1043.0   965.0   1044.102
1043.0   970.0   1015.165
1043.0   975.0   1224.781
1043.0   980.0   1178.254
1043.0   985.0   1131.99
1043.0   990.0   1116.584
1043.0   995.0   1122.182
1043.0   1000.0   1149.831
1043.0   1005.0   1081.225
1043.0   1010.0   1017.918
1043.0   1015.0   1019.006
1043.0   1020.0   1211.948
1043.0   1025.0   1111.83
1043.0   1030.0   1136.479
1043.0   1035.0   1145.525
1043.0   1040.0   1269.472
1043.0   1045.0   1157.88
1043.0   1050.0   1238.314
1043.0   1055.0   1227.575
1043.0   1060.0   1198.435
1043.0   1065.0   1193.629
1048.0   955.0   1295.955
1048.0   960.0   1210.159
1048.0   965.0   1119.085
1048.0   970.0   1023.352
1048.0   975.0   1120.159
1048.0   980.0   1112.328
1048.0   985.0   1127.76
1048.0   990.0   1092.351
1048.0   995.0   1113.438
1048.0   1000.0   1136.65
1048.0   1005.0   1150.46
1048.0   1010.0   1036.022
1048.0   1015.0   1102.315
1048.0   1020.0   1220.654
1048.0   1025.0   1269.976
1048.0   1030.0   1210.779
1048.0   1035.0   1342.078
1048.0   1040.0   1324.604
1048.0   1045.0   1249.538
1048.0   1050.0   1317.104
1048.0   1055.0   1321.83
1048.0   1060.0   1330.358
1048.0   1065.0   1327.79
1053.0   955.0   1296.531
1053.0   960.0   1137.769
1053.0   965.0   1082.554
1053.0   970.0   1025.994
1053.0   975.0   1107.641
1053.0   980.0   1161.001
1053.0   985.0   1099.957
1053.0   990.0   1125.232
1053.0   995.0   1166.846
1053.0   1000.0   1136.154
1053.0   1005.0   1172.186
1053.0   1010.0   1014.894
1053.0   1015.0   1170.531
1053.0   1020.0   1332.847
1053.0   1025.0   1293.991
1053.0   1030.0   1293.242
1053.0   1035.0   1314.931
1053.0   1040.0   1210.615
1053.0   1045.0   1312.623
1053.0   1050.0   1318.853
1053.0   1055.0   1320.948
1053.0   1060.0   1318.629
1053.0   1065.0   1295.038
1058.0   955.0   1253.339
1058.0   960.0   1178.035
1058.0   965.0   1106.866
1058.0   970.0   1076.617
1058.0   975.0   1108.725
1058.0   980.0   1148.338
1058.0   985.0   1191.963
1058.0   990.0   1193.631
1058.0   995.0   1089.562
1058.0   1000.0   1210.696
1058.0   1005.0   1282.924
1058.0   1010.0   1265.228
1058.0   1015.0   1351.226
1058.0   1020.0   1360.899
1058.0   1025.0   1267.471
1058.0   1030.0   1278.673
1058.0   1035.0   1177.457
1058.0   1040.0   1233.818
1058.0   1045.0   1286.394
1058.0   1050.0   1295.038
1058.0   1055.0   1295.038
1058.0   1060.0   1295.038
1058.0   1065.0   1295.038
1063.0   955.0   1232.181
1063.0   960.0   1285.53
1063.0   965.0   1149.645
1063.0   970.0   1104.365
1063.0   975.0   1093.604
1063.0   980.0   1105.655
1063.0   985.0   1199.984
1063.0   990.0   1283.854
1063.0   995.0   1322.623
1063.0   1000.0   1311.432
1063.0   1005.0   1137.533
1063.0   1010.0   1133.293
1063.0   1015.0   1333.771
1063.0   1020.0   1264.053
1063.0   1025.0   1190.785
1063.0   1030.0   1212.628
1063.0   1035.0   1251.44
1063.0   1040.0   1295.038
1063.0   1045.0   1295.038
1063.0   1050.0   1295.038
1063.0   1055.0   1295.038
1063.0   1060.0   1295.038
1063.0   1065.0   1295.038
1068.0   955.0   1320.432
1068.0   960.0   1260.596
1068.0   965.0   1227.846
1068.0   970.0   1171.913
1068.0   975.0   1143.219
1068.0   980.0   1135.03
1068.0   985.0   1152.652
1068.0   990.0   1216.128
1068.0   995.0   1139.368
1068.0   1000.0   1053.538
1068.0   1005.0   1082.002
1068.0   1010.0   1235.374
1068.0   1015.0   1242.469
1068.0   1020.0   1245.115
1068.0   1025.0   1295.038
1068.0   1030.0   1295.038
1068.0   1035.0   1295.038
1068.0   1040.0   1295.038
1068.0   1045.0   1295.038
1068.0   1050.0   1295.038
1068.0   1055.0   1295.038
1068.0   1060.0   1295.038
1068.0   1065.0   1295.038
1073.0   955.0   1294.529
1073.0   960.0   1320.446
1073.0   965.0   1336.577
1073.0   970.0   1299.988
1073.0   975.0   1223.325
1073.0   980.0   1242.853
1073.0   985.0   1163.127
1073.0   990.0   1104.763
1073.0   995.0   1045.093
1073.0   1000.0   1059.208
1073.0   1005.0   1125.057
1073.0   1010.0   1182.704
1073.0   1015.0   1202.68
1073.0   1020.0   1238.43
1073.0   1025.0   1295.038
1073.0   1030.0   1295.038
1073.0   1035.0   1295.038
1073.0   1040.0   1295.038
1073.0   1045.0   1295.038
1073.0   1050.0   1295.038
1073.0   1055.0   1295.038
1073.0   1060.0   1295.038
1073.0   1065.0   1295.038
1078.0   955.0   1233.458
1078.0   960.0   1288.994
1078.0   965.0   1311.478
1078.0   970.0   1325.08
1078.0   975.0   1331.797
1078.0   980.0   1273.479
1078.0   985.0   1223.5
1078.0   990.0   1186.589
1078.0   995.0   1154.181
1078.0   1000.0   1076.467
1078.0   1005.0   1111.094
1078.0   1010.0   1151.393
1078.0   1015.0   1164.957
1078.0   1020.0   1191.102
1078.0   1025.0   1236.797
1078.0   1030.0   1295.038
1078.0   1035.0   1295.038
1078.0   1040.0   1295.038
1078.0   1045.0   1295.038
1078.0   1050.0   1295.038
1078.0   1055.0   1295.038
1078.0   1060.0   1295.038
1078.0   1065.0   1295.038
1083.0   955.0   1253.626
1083.0   960.0   1225.158
1083.0   965.0   1268.706
1083.0   970.0   1287.322
1083.0   975.0   1296.749
1083.0   980.0   1202.235
1083.0   985.0   1160.012
1083.0   990.0   1126.131
1083.0   995.0   1061.078
1083.0   1000.0   1082.475
1083.0   1005.0   1133.254
1083.0   1010.0   1136.45
1083.0   1015.0   1145.153
1083.0   1020.0   1164.017
1083.0   1025.0   1200.012
1083.0   1030.0   1295.038
1083.0   1035.0   1295.038
1083.0   1040.0   1295.038
1083.0   1045.0   1295.038
1083.0   1050.0   1295.038
1083.0   1055.0   1295.038
1083.0   1060.0   1295.038
1083.0   1065.0   1295.038
1088.0   955.0   1295.038
1088.0   960.0   1250.981
1088.0   965.0   1229.148
1088.0   970.0   1217.022
1088.0   975.0   1148.697
1088.0   980.0   1094.433
1088.0   985.0   1069.478
1088.0   990.0   1065.848
1088.0   995.0   1079.336
1088.0   1000.0   1129.072
1088.0   1005.0   1129.082
1088.0   1010.0   1130.616
1088.0   1015.0   1136.009
1088.0   1020.0   1149.915
1088.0   1025.0   1179.304
1088.0   1030.0   1233.46
1088.0   1035.0   1295.038
1088.0   1040.0   1295.038
1088.0   1045.0   1295.038
1088.0   1050.0   1295.038
1088.0   1055.0   1295.038
1088.0   1060.0   1295.038
1088.0   1065.0   1295.038
1093.0   955.0   1295.038
1093.0   960.0   1295.038
1093.0   965.0   1264.486
1093.0   970.0   1247.362
1093.0   975.0   1162.502
1093.0   980.0   1112.29
1093.0   985.0   1092.849
1093.0   990.0   1096.195
1093.0   995.0   1128.92
1093.0   1000.0   1128.294
1093.0   1005.0   1128.296
1093.0   1010.0   1128.946
1093.0   1015.0   1132.581
1093.0   1020.0   1143.852
1093.0   1025.0   1169.73
1093.0   1030.0   1219.5
1093.0   1035.0   1295.038
1093.0   1040.0   1295.038
1093.0   1045.0   1295.038
1093.0   1050.0   1295.038
1093.0   1055.0   1295.038
1093.0   1060.0   1295.038
1093.0   1065.0   1295.038
