1   929.0   955.0   41.44
2   929.0   960.0   32.946
3   929.0   965.0   33.688
4   929.0   970.0   31.296
5   929.0   975.0   31.296
6   929.0   980.0   31.296
7   929.0   985.0   33.371
8   929.0   990.0   38.439
9   929.0   995.0   46.666
10   929.0   1000.0   35.67
11   929.0   1005.0   33.343
12   929.0   1010.0   37.797
13   929.0   1015.0   53.65
14   929.0   1020.0   57.208
15   929.0   1025.0   57.527
16   929.0   1030.0   65.114
17   929.0   1035.0   62.026
18   929.0   1040.0   57.176
19   929.0   1045.0   59.31
20   929.0   1050.0   57.844
21   929.0   1055.0   52.716
22   929.0   1060.0   47.094
23   934.0   955.0   40.686
24   934.0   960.0   47.05
25   934.0   965.0   44.623
26   934.0   970.0   32.946
27   934.0   975.0   32.946
28   934.0   980.0   31.296
29   934.0   985.0   37.909
30   934.0   990.0   46.682
31   934.0   995.0   46.186
32   934.0   1000.0   30.575
33   934.0   1005.0   33.252
34   934.0   1010.0   42.19
35   934.0   1015.0   55.713
36   934.0   1020.0   58.471
37   934.0   1025.0   61.712
38   934.0   1030.0   64.384
39   934.0   1035.0   52.717
40   934.0   1040.0   60.717
41   934.0   1045.0   58.272
42   934.0   1050.0   53.618
43   934.0   1055.0   51.533
44   934.0   1060.0   48.07
45   939.0   955.0   48.401
46   939.0   960.0   41.513
47   939.0   965.0   41.513
48   939.0   970.0   45.523
49   939.0   975.0   43.084
50   939.0   980.0   35.72
51   939.0   985.0   37.524
52   939.0   990.0   45.208
53   939.0   995.0   44.558
54   939.0   1000.0   37.624
55   939.0   1005.0   48.883
56   939.0   1010.0   48.803
57   939.0   1015.0   59.33
58   939.0   1020.0   54.824
59   939.0   1025.0   43.748
60   939.0   1030.0   57.412
61   939.0   1035.0   54.786
62   939.0   1040.0   49.851
63   939.0   1045.0   42.757
64   939.0   1050.0   45.55
65   939.0   1055.0   48.07
66   939.0   1060.0   43.222
67   944.0   955.0   58.652
68   944.0   960.0   56.274
69   944.0   965.0   59.539
70   944.0   970.0   51.008
71   944.0   975.0   55.116
72   944.0   980.0   41.767
73   944.0   985.0   47.339
74   944.0   990.0   53.532
75   944.0   995.0   52.224
76   944.0   1000.0   52.956
77   944.0   1005.0   53.592
78   944.0   1010.0   55.188
79   944.0   1015.0   54.706
80   944.0   1020.0   55.186
81   944.0   1025.0   56.217
82   944.0   1030.0   58.048
83   944.0   1035.0   53.714
84   944.0   1040.0   44.104
85   944.0   1045.0   40.57
86   944.0   1050.0   40.197
87   944.0   1055.0   40.313
88   944.0   1060.0   46.13
89   949.0   955.0   66.406
90   949.0   960.0   65.224
91   949.0   965.0   58.942
92   949.0   970.0   62.474
93   949.0   975.0   60.3
94   949.0   980.0   49.516
95   949.0   985.0   59.203
96   949.0   990.0   55.216
97   949.0   995.0   68.44
98   949.0   1000.0   61.862
99   949.0   1005.0   54.479
100   949.0   1010.0   56.64
101   949.0   1015.0   65.438
102   949.0   1020.0   71.58
103   949.0   1025.0   64.676
104   949.0   1030.0   62.53
105   949.0   1035.0   55.795
106   949.0   1040.0   48.748
107   949.0   1045.0   46.039
108   949.0   1050.0   35.438
109   949.0   1055.0   40.894
110   949.0   1060.0   44.19
111   954.0   955.0   68.452
112   954.0   960.0   66.406
113   954.0   965.0   63.776
114   954.0   970.0   70.468
115   954.0   975.0   62.156
116   954.0   980.0   64.844
117   954.0   985.0   67.006
118   954.0   990.0   65.466
119   954.0   995.0   57.831
120   954.0   1000.0   60.17
121   954.0   1005.0   47.076
122   954.0   1010.0   52.24
123   954.0   1015.0   64.231
124   954.0   1020.0   65.259
125   954.0   1025.0   79.968
126   954.0   1030.0   62.436
127   954.0   1035.0   57.189
128   954.0   1040.0   45.225
129   954.0   1045.0   38.732
130   954.0   1050.0   37.614
131   954.0   1055.0   39.278
132   954.0   1060.0   39.278
133   959.0   955.0   67.12
134   959.0   960.0   63.969
135   959.0   965.0   61.652
136   959.0   970.0   66.797
137   959.0   975.0   66.797
138   959.0   980.0   71.453
139   959.0   985.0   66.768
140   959.0   990.0   59.77
141   959.0   995.0   53.94
142   959.0   1000.0   47.768
143   959.0   1005.0   35.168
144   959.0   1010.0   39.802
145   959.0   1015.0   57.782
146   959.0   1020.0   62.306
147   959.0   1025.0   61.36
148   959.0   1030.0   49.504
149   959.0   1035.0   46.455
150   959.0   1040.0   42.2
151   959.0   1045.0   36.743
152   959.0   1050.0   29.266
153   959.0   1055.0   32.551
154   959.0   1060.0   29.276
155   964.0   955.0   64.765
156   964.0   960.0   57.614
157   964.0   965.0   63.057
158   964.0   970.0   60.629
159   964.0   975.0   56.412
160   964.0   980.0   66.095
161   964.0   985.0   59.261
162   964.0   990.0   52.747
163   964.0   995.0   44.426
164   964.0   1000.0   13.908
165   964.0   1005.0   15.286
166   964.0   1010.0   30.885
167   964.0   1015.0   40.763
168   964.0   1020.0   48.16
169   964.0   1025.0   34.814
170   964.0   1030.0   34.722
171   964.0   1035.0   35.576
172   964.0   1040.0   34.461
173   964.0   1045.0   32.12
174   964.0   1050.0   29.266
175   964.0   1055.0   21.492
176   964.0   1060.0   26.859
177   969.0   955.0   54.649
178   969.0   960.0   51.753
179   969.0   965.0   51.33
180   969.0   970.0   55.869
181   969.0   975.0   53.098
182   969.0   980.0   53.098
183   969.0   985.0   52.542
184   969.0   990.0   33.039
185   969.0   995.0   12.325
186   969.0   1000.0   11.619
187   969.0   1005.0   21.944
188   969.0   1010.0   26.826
189   969.0   1015.0   38.103
190   969.0   1020.0   41.534
191   969.0   1025.0   38.33
192   969.0   1030.0   34.568
193   969.0   1035.0   33.622
194   969.0   1040.0   30.879
195   969.0   1045.0   31.782
196   969.0   1050.0   25.332
197   969.0   1055.0   26.229
198   969.0   1060.0   23.042
199   974.0   955.0   64.49
200   974.0   960.0   60.424
201   974.0   965.0   45.856
202   974.0   970.0   38.252
203   974.0   975.0   47.873
204   974.0   980.0   45.612
205   974.0   985.0   36.483
206   974.0   990.0   24.811
207   974.0   995.0   11.094
208   974.0   1000.0   10.63
209   974.0   1005.0   19.022
210   974.0   1010.0   27.516
211   974.0   1015.0   43.722
212   974.0   1020.0   50.272
213   974.0   1025.0   42.597
214   974.0   1030.0   37.776
215   974.0   1035.0   34.451
216   974.0   1040.0   40.546
217   974.0   1045.0   44.672
218   974.0   1050.0   35.196
219   974.0   1055.0   24.407
220   974.0   1060.0   16.243
221   979.0   955.0   60.424
222   979.0   960.0   52.657
223   979.0   965.0   43.129
224   979.0   970.0   36.673
225   979.0   975.0   34.61
226   979.0   980.0   35.854
227   979.0   985.0   29.22
228   979.0   990.0   20.266
229   979.0   995.0   10.511
230   979.0   1000.0   14.569
231   979.0   1005.0   10.673
232   979.0   1010.0   32.549
233   979.0   1015.0   47.438
234   979.0   1020.0   55.416
235   979.0   1025.0   56.887
236   979.0   1030.0   47.017
237   979.0   1035.0   40.934
238   979.0   1040.0   47.574
239   979.0   1045.0   52.698
240   979.0   1050.0   46.137
241   979.0   1055.0   34.119
242   979.0   1060.0   38.19
243   984.0   955.0   44.16
244   984.0   960.0   44.16
245   984.0   965.0   36.028
246   984.0   970.0   39.032
247   984.0   975.0   37.672
248   984.0   980.0   40.736
249   984.0   985.0   30.122
250   984.0   990.0   25.48
251   984.0   995.0   15.726
252   984.0   1000.0   16.616
253   984.0   1005.0   21.942
254   984.0   1010.0   38.828
255   984.0   1015.0   52.128
256   984.0   1020.0   66.937
257   984.0   1025.0   64.919
258   984.0   1030.0   65.616
259   984.0   1035.0   58.584
260   984.0   1040.0   62.07
261   984.0   1045.0   56.74
262   984.0   1050.0   61.12
263   984.0   1055.0   53.196
264   984.0   1060.0   45.872
265   989.0   955.0   36.028
266   989.0   960.0   35.663
267   989.0   965.0   35.709
268   989.0   970.0   35.446
269   989.0   975.0   38.764
270   989.0   980.0   39.015
271   989.0   985.0   41.833
272   989.0   990.0   40.649
273   989.0   995.0   34.755
274   989.0   1000.0   37.31
275   989.0   1005.0   37.528
276   989.0   1010.0   42.011
277   989.0   1015.0   61.462
278   989.0   1020.0   79.022
279   989.0   1025.0   76.101
280   989.0   1030.0   69.768
281   989.0   1035.0   69.587
282   989.0   1040.0   65.335
283   989.0   1045.0   63.676
284   989.0   1050.0   71.32
285   989.0   1055.0   62.011
286   989.0   1060.0   58.251
287   994.0   955.0   37.99
288   994.0   960.0   29.072
289   994.0   965.0   29.072
290   994.0   970.0   34.134
291   994.0   975.0   40.22
292   994.0   980.0   46.887
293   994.0   985.0   48.891
294   994.0   990.0   55.223
295   994.0   995.0   59.292
296   994.0   1000.0   49.62
297   994.0   1005.0   48.833
298   994.0   1010.0   57.875
299   994.0   1015.0   58.712
300   994.0   1020.0   68.052
301   994.0   1025.0   70.979
302   994.0   1030.0   67.824
303   994.0   1035.0   64.377
304   994.0   1040.0   67.458
305   994.0   1045.0   66.667
306   994.0   1050.0   69.051
307   994.0   1055.0   73.6
308   994.0   1060.0   66.87
309   999.0   955.0   37.357
310   999.0   960.0   36.151
311   999.0   965.0   36.698
312   999.0   970.0   39.556
313   999.0   975.0   47.868
314   999.0   980.0   47.091
315   999.0   985.0   57.31
316   999.0   990.0   66.81
317   999.0   995.0   71.398
318   999.0   1000.0   64.539
319   999.0   1005.0   64.986
320   999.0   1010.0   60.312
321   999.0   1015.0   61.194
322   999.0   1020.0   57.669
323   999.0   1025.0   63.954
324   999.0   1030.0   65.967
325   999.0   1035.0   57.732
326   999.0   1040.0   59.907
327   999.0   1045.0   67.046
328   999.0   1050.0   68.097
329   999.0   1055.0   72.789
330   999.0   1060.0   77.006
331   1004.0   955.0   43.002
332   1004.0   960.0   35.95
333   1004.0   965.0   37.538
334   1004.0   970.0   39.513
335   1004.0   975.0   48.836
336   1004.0   980.0   59.878
337   1004.0   985.0   57.318
338   1004.0   990.0   59.922
339   1004.0   995.0   72.914
340   1004.0   1000.0   75.22
341   1004.0   1005.0   74.41
342   1004.0   1010.0   72.38
343   1004.0   1015.0   67.092
344   1004.0   1020.0   63.456
345   1004.0   1025.0   57.12
346   1004.0   1030.0   51.203
347   1004.0   1035.0   48.611
348   1004.0   1040.0   52.201
349   1004.0   1045.0   59.411
350   1004.0   1050.0   65.838
351   1004.0   1055.0   71.422
352   1004.0   1060.0   75.545
353   1009.0   955.0   44.834
354   1009.0   960.0   37.642
355   1009.0   965.0   36.336
356   1009.0   970.0   42.468
357   1009.0   975.0   46.953
358   1009.0   980.0   51.282
359   1009.0   985.0   53.254
360   1009.0   990.0   50.127
361   1009.0   995.0   56.835
362   1009.0   1000.0   67.76
363   1009.0   1005.0   75.244
364   1009.0   1010.0   72.716
365   1009.0   1015.0   66.6
366   1009.0   1020.0   59.099
367   1009.0   1025.0   63.0
368   1009.0   1030.0   53.105
369   1009.0   1035.0   47.547
370   1009.0   1040.0   48.184
371   1009.0   1045.0   49.047
372   1009.0   1050.0   57.795
373   1009.0   1055.0   66.078
374   1009.0   1060.0   70.634
375   1014.0   955.0   46.4
376   1014.0   960.0   38.02
377   1014.0   965.0   31.963
378   1014.0   970.0   32.656
379   1014.0   975.0   39.318
380   1014.0   980.0   49.549
381   1014.0   985.0   41.444
382   1014.0   990.0   47.805
383   1014.0   995.0   57.937
384   1014.0   1000.0   72.044
385   1014.0   1005.0   69.052
386   1014.0   1010.0   64.43
387   1014.0   1015.0   62.904
388   1014.0   1020.0   58.677
389   1014.0   1025.0   55.547
390   1014.0   1030.0   52.07
391   1014.0   1035.0   42.482
392   1014.0   1040.0   44.107
393   1014.0   1045.0   44.422
394   1014.0   1050.0   52.562
395   1014.0   1055.0   58.129
396   1014.0   1060.0   64.614
397   1019.0   955.0   57.192
398   1019.0   960.0   45.836
399   1019.0   965.0   36.392
400   1019.0   970.0   44.083
401   1019.0   975.0   39.413
402   1019.0   980.0   45.324
403   1019.0   985.0   51.039
404   1019.0   990.0   53.736
405   1019.0   995.0   62.565
406   1019.0   1000.0   74.72
407   1019.0   1005.0   59.678
408   1019.0   1010.0   51.586
409   1019.0   1015.0   51.709
410   1019.0   1020.0   51.764
411   1019.0   1025.0   54.396
412   1019.0   1030.0   48.855
413   1019.0   1035.0   41.25
414   1019.0   1040.0   39.234
415   1019.0   1045.0   41.11
416   1019.0   1050.0   46.588
417   1019.0   1055.0   60.205
418   1019.0   1060.0   61.624
419   1024.0   955.0   47.633
420   1024.0   960.0   52.048
421   1024.0   965.0   39.05
422   1024.0   970.0   44.244
423   1024.0   975.0   46.838
424   1024.0   980.0   46.92
425   1024.0   985.0   50.936
426   1024.0   990.0   52.62
427   1024.0   995.0   61.607
428   1024.0   1000.0   72.377
429   1024.0   1005.0   62.898
430   1024.0   1010.0   43.52
431   1024.0   1015.0   50.836
432   1024.0   1020.0   45.1
433   1024.0   1025.0   48.015
434   1024.0   1030.0   42.292
435   1024.0   1035.0   39.429
436   1024.0   1040.0   39.095
437   1024.0   1045.0   42.839
438   1024.0   1050.0   49.608
439   1024.0   1055.0   58.009
440   1024.0   1060.0   61.611
441   1029.0   955.0   58.856
442   1029.0   960.0   47.782
443   1029.0   965.0   46.645
444   1029.0   970.0   43.533
445   1029.0   975.0   43.416
446   1029.0   980.0   45.652
447   1029.0   985.0   51.332
448   1029.0   990.0   59.54
449   1029.0   995.0   71.49
450   1029.0   1000.0   70.316
451   1029.0   1005.0   69.307
452   1029.0   1010.0   57.38
453   1029.0   1015.0   53.066
454   1029.0   1020.0   47.894
455   1029.0   1025.0   42.318
456   1029.0   1030.0   43.706
457   1029.0   1035.0   43.405
458   1029.0   1040.0   39.172
459   1029.0   1045.0   37.646
460   1029.0   1050.0   53.956
461   1029.0   1055.0   60.71
462   1029.0   1060.0   64.441
463   1034.0   955.0   51.035
464   1034.0   960.0   49.458
465   1034.0   965.0   55.638
466   1034.0   970.0   43.5
467   1034.0   975.0   40.088
468   1034.0   980.0   43.283
469   1034.0   985.0   46.706
470   1034.0   990.0   63.064
471   1034.0   995.0   69.346
472   1034.0   1000.0   72.439
473   1034.0   1005.0   71.718
474   1034.0   1010.0   52.003
475   1034.0   1015.0   41.156
476   1034.0   1020.0   35.003
477   1034.0   1025.0   31.302
478   1034.0   1030.0   39.491
479   1034.0   1035.0   39.96
480   1034.0   1040.0   43.82
481   1034.0   1045.0   46.099
482   1034.0   1050.0   57.791
483   1034.0   1055.0   57.494
484   1034.0   1060.0   57.9
485   1039.0   955.0   49.458
486   1039.0   960.0   49.458
487   1039.0   965.0   46.784
488   1039.0   970.0   40.12
489   1039.0   975.0   38.908
490   1039.0   980.0   40.23
491   1039.0   985.0   45.951
492   1039.0   990.0   59.86
493   1039.0   995.0   70.326
494   1039.0   1000.0   60.08
495   1039.0   1005.0   46.364
496   1039.0   1010.0   34.218
497   1039.0   1015.0   31.95
498   1039.0   1020.0   31.301
499   1039.0   1025.0   28.304
500   1039.0   1030.0   35.572
501   1039.0   1035.0   41.438
502   1039.0   1040.0   46.316
503   1039.0   1045.0   49.246
504   1039.0   1050.0   52.952
505   1039.0   1055.0   57.621
506   1039.0   1060.0   70.26
507   1044.0   955.0   49.458
508   1044.0   960.0   52.43
509   1044.0   965.0   46.755
510   1044.0   970.0   48.827
511   1044.0   975.0   46.872
512   1044.0   980.0   49.594
513   1044.0   985.0   54.802
514   1044.0   990.0   51.682
515   1044.0   995.0   50.341
516   1044.0   1000.0   42.514
517   1044.0   1005.0   21.01
518   1044.0   1010.0   17.822
519   1044.0   1015.0   25.424
520   1044.0   1020.0   15.304
521   1044.0   1025.0   28.462
522   1044.0   1030.0   37.234
523   1044.0   1035.0   37.548
524   1044.0   1040.0   45.453
525   1044.0   1045.0   49.222
526   1044.0   1050.0   55.719
527   1044.0   1055.0   63.312
528   1044.0   1060.0   63.284
529   1049.0   955.0   53.57
530   1049.0   960.0   50.456
531   1049.0   965.0   52.282
532   1049.0   970.0   55.327
533   1049.0   975.0   55.327
534   1049.0   980.0   46.872
535   1049.0   985.0   59.732
536   1049.0   990.0   55.087
537   1049.0   995.0   50.804
538   1049.0   1000.0   38.939
539   1049.0   1005.0   20.871
540   1049.0   1010.0   18.981
541   1049.0   1015.0   23.683
542   1049.0   1020.0   25.286
543   1049.0   1025.0   28.41
544   1049.0   1030.0   33.615
545   1049.0   1035.0   41.526
546   1049.0   1040.0   40.737
547   1049.0   1045.0   47.524
548   1049.0   1050.0   52.657
549   1049.0   1055.0   62.022
550   1049.0   1060.0   65.937
551   1054.0   955.0   51.575
552   1054.0   960.0   57.682
553   1054.0   965.0   56.598
554   1054.0   970.0   61.214
555   1054.0   975.0   61.366
556   1054.0   980.0   65.299
557   1054.0   985.0   58.657
558   1054.0   990.0   53.811
559   1054.0   995.0   39.849
560   1054.0   1000.0   37.0
561   1054.0   1005.0   37.047
562   1054.0   1010.0   37.45
563   1054.0   1015.0   26.676
564   1054.0   1020.0   33.542
565   1054.0   1025.0   26.407
566   1054.0   1030.0   32.281
567   1054.0   1035.0   39.064
568   1054.0   1040.0   44.143
569   1054.0   1045.0   47.113
570   1054.0   1050.0   56.087
571   1054.0   1055.0   65.937
572   1054.0   1060.0   63.821
573   1059.0   955.0   58.788
574   1059.0   960.0   59.407
575   1059.0   965.0   63.012
576   1059.0   970.0   67.687
577   1059.0   975.0   70.873
578   1059.0   980.0   66.777
579   1059.0   985.0   63.001
580   1059.0   990.0   62.043
581   1059.0   995.0   48.939
582   1059.0   1000.0   44.514
583   1059.0   1005.0   41.132
584   1059.0   1010.0   42.212
585   1059.0   1015.0   44.279
586   1059.0   1020.0   43.118
587   1059.0   1025.0   40.857
588   1059.0   1030.0   37.861
589   1059.0   1035.0   44.644
590   1059.0   1040.0   49.103
591   1059.0   1045.0   40.52
592   1059.0   1050.0   56.087
593   1059.0   1055.0   67.356
594   1059.0   1060.0   68.733
595   1064.0   955.0   61.266
596   1064.0   960.0   45.9
597   1064.0   965.0   52.692
598   1064.0   970.0   54.28
599   1064.0   975.0   65.346
600   1064.0   980.0   68.618
601   1064.0   985.0   70.426
602   1064.0   990.0   69.852
603   1064.0   995.0   59.948
604   1064.0   1000.0   59.107
605   1064.0   1005.0   54.227
606   1064.0   1010.0   54.388
607   1064.0   1015.0   60.289
608   1064.0   1020.0   52.525
609   1064.0   1025.0   50.264
610   1064.0   1030.0   45.473
611   1064.0   1035.0   49.145
612   1064.0   1040.0   44.38
613   1064.0   1045.0   44.021
614   1064.0   1050.0   44.877
615   1064.0   1055.0   54.581
616   1064.0   1060.0   57.942
617   1069.0   955.0   59.626
618   1069.0   960.0   50.896
619   1069.0   965.0   54.919
620   1069.0   970.0   51.29
621   1069.0   975.0   55.835
622   1069.0   980.0   59.192
623   1069.0   985.0   69.852
624   1069.0   990.0   69.707
625   1069.0   995.0   71.64
626   1069.0   1000.0   58.296
627   1069.0   1005.0   50.383
628   1069.0   1010.0   51.827
629   1069.0   1015.0   52.073
630   1069.0   1020.0   53.307
631   1069.0   1025.0   55.76
632   1069.0   1030.0   50.999
633   1069.0   1035.0   51.117
634   1069.0   1040.0   43.114
635   1069.0   1045.0   34.93
636   1069.0   1050.0   25.074
637   1069.0   1055.0   44.177
638   1069.0   1060.0   48.962
639   1074.0   955.0   59.171
640   1074.0   960.0   50.799
641   1074.0   965.0   39.017
642   1074.0   970.0   42.777
643   1074.0   975.0   50.308
644   1074.0   980.0   62.204
645   1074.0   985.0   69.927
646   1074.0   990.0   60.994
647   1074.0   995.0   63.38
648   1074.0   1000.0   50.752
649   1074.0   1005.0   42.729
650   1074.0   1010.0   44.237
651   1074.0   1015.0   52.426
652   1074.0   1020.0   57.401
653   1074.0   1025.0   63.096
654   1074.0   1030.0   62.904
655   1074.0   1035.0   45.218
656   1074.0   1040.0   32.213
657   1074.0   1045.0   19.217
658   1074.0   1050.0   7.15
659   1074.0   1055.0   27.555
660   1074.0   1060.0   34.597
661   1079.0   955.0   65.71
662   1079.0   960.0   57.861
663   1079.0   965.0   43.134
664   1079.0   970.0   35.027
665   1079.0   975.0   29.636
666   1079.0   980.0   56.684
667   1079.0   985.0   65.381
668   1079.0   990.0   65.754
669   1079.0   995.0   52.136
670   1079.0   1000.0   45.817
671   1079.0   1005.0   35.442
672   1079.0   1010.0   35.719
673   1079.0   1015.0   40.567
674   1079.0   1020.0   49.621
675   1079.0   1025.0   59.978
676   1079.0   1030.0   57.0
677   1079.0   1035.0   40.279
678   1079.0   1040.0   22.193
679   1079.0   1045.0   10.991
680   1079.0   1050.0   16.407
681   1079.0   1055.0   24.146
682   1079.0   1060.0   39.525
683   1084.0   955.0   57.861
684   1084.0   960.0   49.18
685   1084.0   965.0   44.061
686   1084.0   970.0   36.995
687   1084.0   975.0   41.554
688   1084.0   980.0   57.894
689   1084.0   985.0   77.5
690   1084.0   990.0   68.852
691   1084.0   995.0   53.036
692   1084.0   1000.0   29.59
693   1084.0   1005.0   28.42
694   1084.0   1010.0   15.362
695   1084.0   1015.0   34.403
696   1084.0   1020.0   39.229
697   1084.0   1025.0   46.122
698   1084.0   1030.0   46.048
699   1084.0   1035.0   35.341
700   1084.0   1040.0   16.506
701   1084.0   1045.0   14.567
702   1084.0   1050.0   23.404
703   1084.0   1055.0   31.55
704   1084.0   1060.0   42.366
705   1089.0   955.0   52.32
706   1089.0   960.0   48.116
707   1089.0   965.0   48.987
708   1089.0   970.0   49.208
709   1089.0   975.0   48.123
710   1089.0   980.0   51.58
711   1089.0   985.0   66.588
712   1089.0   990.0   73.399
713   1089.0   995.0   64.67
714   1089.0   1000.0   43.058
715   1089.0   1005.0   29.617
716   1089.0   1010.0   28.692
717   1089.0   1015.0   33.398
718   1089.0   1020.0   38.475
719   1089.0   1025.0   40.658
720   1089.0   1030.0   34.875
721   1089.0   1035.0   23.962
722   1089.0   1040.0   23.962
723   1089.0   1045.0   22.57
724   1089.0   1050.0   31.401
725   1089.0   1055.0   37.941
726   1089.0   1060.0   48.047
