929.0   955.0   123.769
929.0   960.0   47.433
929.0   965.0   57.643
929.0   970.0   51.71
929.0   975.0   77.129
929.0   980.0   76.968
929.0   985.0   67.349
929.0   990.0   67.196
929.0   995.0   66.978
929.0   1000.0   66.68
929.0   1005.0   66.369
929.0   1010.0   66.12
929.0   1015.0   -9.069
929.0   1020.0   60.049
929.0   1025.0   60.078
929.0   1030.0   60.182
929.0   1035.0   103.907
929.0   1040.0   154.392
929.0   1045.0   136.89
929.0   1050.0   134.167
929.0   1055.0   128.25
929.0   1060.0   137.12
934.0   955.0   33.187
934.0   960.0   70.119
934.0   965.0   28.64
934.0   970.0   41.819
934.0   975.0   32.187
934.0   980.0   32.02
934.0   985.0   31.87
934.0   990.0   28.214
934.0   995.0   27.969
934.0   1000.0   -8.826
934.0   1005.0   54.944
934.0   1010.0   63.56
934.0   1015.0   63.813
934.0   1020.0   54.862
934.0   1025.0   54.878
934.0   1030.0   -16.567
934.0   1035.0   19.15
934.0   1040.0   19.307
934.0   1045.0   98.605
934.0   1050.0   119.895
934.0   1055.0   155.179
934.0   1060.0   125.25
939.0   955.0   9.999
939.0   960.0   28.88
939.0   965.0   42.081
939.0   970.0   32.461
939.0   975.0   21.693
939.0   980.0   -14.709
939.0   985.0   0.977
939.0   990.0   41.54
939.0   995.0   69.696
939.0   1000.0   85.122
939.0   1005.0   95.912
939.0   1010.0   95.712
939.0   1015.0   95.577
939.0   1020.0   95.443
939.0   1025.0   95.342
939.0   1030.0   95.484
939.0   1035.0   95.712
939.0   1040.0   24.34
939.0   1045.0   24.501
939.0   1050.0   49.136
939.0   1055.0   105.682
939.0   1060.0   113.886
944.0   955.0   18.174
944.0   960.0   -6.502
944.0   965.0   33.87
944.0   970.0   -11.341
944.0   975.0   -11.543
944.0   980.0   -6.682
944.0   985.0   50.125
944.0   990.0   78.435
944.0   995.0   40.816
944.0   1000.0   -32.436
944.0   1005.0   -0.565
944.0   1010.0   -32.033
944.0   1015.0   -32.109
944.0   1020.0   -32.272
944.0   1025.0   -32.397
944.0   1030.0   22.54
944.0   1035.0   22.791
944.0   1040.0   23.011
944.0   1045.0   54.81
944.0   1050.0   -16.618
944.0   1055.0   12.939
944.0   1060.0   73.381
949.0   955.0   30.114
949.0   960.0   -15.017
949.0   965.0   51.019
949.0   970.0   95.954
949.0   975.0   136.357
949.0   980.0   132.237
949.0   985.0   66.127
949.0   990.0   13.926
949.0   995.0   17.795
949.0   1000.0   17.623
949.0   1005.0   17.422
949.0   1010.0   92.521
949.0   1015.0   123.997
949.0   1020.0   155.922
949.0   1025.0   124.62
949.0   1030.0   91.066
949.0   1035.0   -0.203
949.0   1040.0   0.023
949.0   1045.0   54.972
949.0   1050.0   55.101
949.0   1055.0   -16.348
949.0   1060.0   13.173
954.0   955.0   51.321
954.0   960.0   51.261
954.0   965.0   82.726
954.0   970.0   118.131
954.0   975.0   73.418
954.0   980.0   73.469
954.0   985.0   168.076
954.0   990.0   167.72
954.0   995.0   106.724
954.0   1000.0   106.565
954.0   1005.0   144.965
954.0   1010.0   64.554
954.0   1015.0   94.262
954.0   1020.0   56.287
954.0   1025.0   77.877
954.0   1030.0   235.922
954.0   1035.0   178.509
954.0   1040.0   175.119
954.0   1045.0   141.433
954.0   1050.0   141.512
954.0   1055.0   196.414
954.0   1060.0   75.074
959.0   955.0   77.884
959.0   960.0   82.939
959.0   965.0   -31.06
959.0   970.0   1.005
959.0   975.0   -13.063
959.0   980.0   -13.308
959.0   985.0   -13.922
959.0   990.0   17.209
959.0   995.0   46.785
959.0   1000.0   46.581
959.0   1005.0   46.475
959.0   1010.0   187.572
959.0   1015.0   187.47
959.0   1020.0   198.27
959.0   1025.0   114.014
959.0   1030.0   76.557
959.0   1035.0   98.438
959.0   1040.0   130.723
959.0   1045.0   19.525
959.0   1050.0   99.028
959.0   1055.0   99.058
959.0   1060.0   88.06
964.0   955.0   6.697
964.0   960.0   -41.685
964.0   965.0   -13.217
964.0   970.0   -12.898
964.0   975.0   -12.995
964.0   980.0   -13.19
964.0   985.0   47.798
964.0   990.0   47.271
964.0   995.0   50.203
964.0   1000.0   112.543
964.0   1005.0   112.547
964.0   1010.0   112.579
964.0   1015.0   46.4
964.0   1020.0   91.37
964.0   1025.0   11.413
964.0   1030.0   99.037
964.0   1035.0   -83.66
964.0   1040.0   -83.553
964.0   1045.0   -13.595
964.0   1050.0   66.337
964.0   1055.0   35.048
964.0   1060.0   8.603
969.0   955.0   -41.564
969.0   960.0   -13.085
969.0   965.0   -12.784
969.0   970.0   -12.912
969.0   975.0   32.054
969.0   980.0   94.445
969.0   985.0   113.757
969.0   990.0   113.329
969.0   995.0   46.827
969.0   1000.0   46.621
969.0   1005.0   46.619
969.0   1010.0   -33.213
969.0   1015.0   -31.465
969.0   1020.0   -31.547
969.0   1025.0   48.371
969.0   1030.0   93.506
969.0   1035.0   104.621
969.0   1040.0   110.949
969.0   1045.0   59.016
969.0   1050.0   80.499
969.0   1055.0   49.925
969.0   1060.0   34.977
974.0   955.0   -12.986
974.0   960.0   -12.654
974.0   965.0   63.331
974.0   970.0   94.801
974.0   975.0   94.609
974.0   980.0   114.066
974.0   985.0   47.604
974.0   990.0   47.275
974.0   995.0   47.009
974.0   1000.0   -33.062
974.0   1005.0   -31.337
974.0   1010.0   48.771
974.0   1015.0   48.798
974.0   1020.0   48.763
974.0   1025.0   48.662
974.0   1030.0   48.607
974.0   1035.0   93.74
974.0   1040.0   93.782
974.0   1045.0   104.731
974.0   1050.0   59.007
974.0   1055.0   80.469
974.0   1060.0   112.485
979.0   955.0   33.651
979.0   960.0   63.431
979.0   965.0   94.901
979.0   970.0   114.432
979.0   975.0   48.089
979.0   980.0   47.895
979.0   985.0   47.672
979.0   990.0   47.425
979.0   995.0   -31.014
979.0   1000.0   48.833
979.0   1005.0   48.865
979.0   1010.0   48.963
979.0   1015.0   49.03
979.0   1020.0   49.033
979.0   1025.0   48.97
979.0   1030.0   48.896
979.0   1035.0   48.835
979.0   1040.0   93.887
979.0   1045.0   93.91
979.0   1050.0   104.806
979.0   1055.0   -17.344
979.0   1060.0   80.502
984.0   955.0   63.427
984.0   960.0   94.948
984.0   965.0   48.327
984.0   970.0   48.218
984.0   975.0   48.092
984.0   980.0   47.948
984.0   985.0   -30.418
984.0   990.0   49.402
984.0   995.0   49.225
984.0   1000.0   49.113
984.0   1005.0   49.123
984.0   1010.0   49.189
984.0   1015.0   49.285
984.0   1020.0   49.336
984.0   1025.0   49.277
984.0   1030.0   49.191
984.0   1035.0   49.127
984.0   1040.0   49.075
984.0   1045.0   94.109
984.0   1050.0   94.049
984.0   1055.0   104.913
984.0   1060.0   -17.221
989.0   955.0   94.99
989.0   960.0   48.404
989.0   965.0   48.28
989.0   970.0   48.21
989.0   975.0   48.128
989.0   980.0   -30.172
989.0   985.0   49.72
989.0   990.0   49.609
989.0   995.0   49.51
989.0   1000.0   49.446
989.0   1005.0   49.426
989.0   1010.0   49.438
989.0   1015.0   49.543
989.0   1020.0   49.615
989.0   1025.0   49.537
989.0   1030.0   49.444
989.0   1035.0   49.379
989.0   1040.0   49.321
989.0   1045.0   49.242
989.0   1050.0   94.249
989.0   1055.0   94.18
989.0   1060.0   67.251
994.0   955.0   48.474
994.0   960.0   48.392
994.0   965.0   48.305
994.0   970.0   48.236
994.0   975.0   49.973
994.0   980.0   49.914
994.0   985.0   49.861
994.0   990.0   49.815
994.0   995.0   49.776
994.0   1000.0   49.753
994.0   1005.0   49.73
994.0   1010.0   49.728
994.0   1015.0   49.761
994.0   1020.0   49.771
994.0   1025.0   49.709
994.0   1030.0   49.625
994.0   1035.0   49.551
994.0   1040.0   49.487
994.0   1045.0   49.423
994.0   1050.0   49.358
994.0   1055.0   94.372
994.0   1060.0   94.318
999.0   955.0   48.445
999.0   960.0   48.386
999.0   965.0   48.316
999.0   970.0   50.052
999.0   975.0   50.008
999.0   980.0   49.982
999.0   985.0   49.976
999.0   990.0   49.992
999.0   995.0   49.999
999.0   1000.0   49.998
999.0   1005.0   49.984
999.0   1010.0   49.952
999.0   1015.0   49.929
999.0   1020.0   49.896
999.0   1025.0   49.83
999.0   1030.0   49.747
999.0   1035.0   49.673
999.0   1040.0   49.613
999.0   1045.0   49.567
999.0   1050.0   49.535
999.0   1055.0   49.456
999.0   1060.0   94.48
1004.0   955.0   48.411
1004.0   960.0   48.367
1004.0   965.0   50.094
1004.0   970.0   50.037
1004.0   975.0   50.009
1004.0   980.0   50.009
1004.0   985.0   50.037
1004.0   990.0   50.092
1004.0   995.0   50.14
1004.0   1000.0   50.169
1004.0   1005.0   50.164
1004.0   1010.0   50.098
1004.0   1015.0   50.043
1004.0   1020.0   49.982
1004.0   1025.0   49.903
1004.0   1030.0   49.819
1004.0   1035.0   49.747
1004.0   1040.0   49.697
1004.0   1045.0   49.664
1004.0   1050.0   49.636
1004.0   1055.0   49.595
1004.0   1060.0   49.559
1009.0   955.0   48.358
1009.0   960.0   50.118
1009.0   965.0   50.022
1009.0   970.0   49.968
1009.0   975.0   49.96
1009.0   980.0   49.985
1009.0   985.0   50.03
1009.0   990.0   50.1
1009.0   995.0   50.191
1009.0   1000.0   50.237
1009.0   1005.0   50.214
1009.0   1010.0   50.156
1009.0   1015.0   50.097
1009.0   1020.0   50.026
1009.0   1025.0   49.931
1009.0   1030.0   49.843
1009.0   1035.0   49.774
1009.0   1040.0   49.736
1009.0   1045.0   49.722
1009.0   1050.0   49.72
1009.0   1055.0   49.719
1009.0   1060.0   49.712
1014.0   955.0   -30.0
1014.0   960.0   49.95
1014.0   965.0   49.862
1014.0   970.0   49.831
1014.0   975.0   49.854
1014.0   980.0   49.911
1014.0   985.0   49.963
1014.0   990.0   50.028
1014.0   995.0   50.175
1014.0   1000.0   50.233
1014.0   1005.0   50.196
1014.0   1010.0   50.127
1014.0   1015.0   50.072
1014.0   1020.0   50.013
1014.0   1025.0   49.903
1014.0   1030.0   49.819
1014.0   1035.0   49.762
1014.0   1040.0   49.741
1014.0   1045.0   49.749
1014.0   1050.0   49.788
1014.0   1055.0   49.833
1014.0   1060.0   49.853
1019.0   955.0   49.74
1019.0   960.0   49.68
1019.0   965.0   49.615
1019.0   970.0   49.635
1019.0   975.0   49.696
1019.0   980.0   49.775
1019.0   985.0   49.851
1019.0   990.0   49.945
1019.0   995.0   50.111
1019.0   1000.0   50.158
1019.0   1005.0   50.118
1019.0   1010.0   50.011
1019.0   1015.0   49.924
1019.0   1020.0   49.875
1019.0   1025.0   49.808
1019.0   1030.0   49.752
1019.0   1035.0   49.726
1019.0   1040.0   49.727
1019.0   1045.0   49.753
1019.0   1050.0   49.844
1019.0   1055.0   49.951
1019.0   1060.0   49.982
1024.0   955.0   71.88
1024.0   960.0   49.423
1024.0   965.0   49.382
1024.0   970.0   49.435
1024.0   975.0   49.511
1024.0   980.0   49.597
1024.0   985.0   49.697
1024.0   990.0   49.825
1024.0   995.0   49.957
1024.0   1000.0   49.999
1024.0   1005.0   49.948
1024.0   1010.0   49.837
1024.0   1015.0   49.742
1024.0   1020.0   49.701
1024.0   1025.0   49.673
1024.0   1030.0   49.659
1024.0   1035.0   49.667
1024.0   1040.0   49.697
1024.0   1045.0   49.778
1024.0   1050.0   49.902
1024.0   1055.0   50.023
1024.0   1060.0   50.073
1029.0   955.0   71.647
1029.0   960.0   71.597
1029.0   965.0   49.218
1029.0   970.0   49.265
1029.0   975.0   49.322
1029.0   980.0   49.396
1029.0   985.0   49.494
1029.0   990.0   49.61
1029.0   995.0   49.711
1029.0   1000.0   49.75
1029.0   1005.0   49.712
1029.0   1010.0   49.615
1029.0   1015.0   49.537
1029.0   1020.0   49.506
1029.0   1025.0   49.511
1029.0   1030.0   49.543
1029.0   1035.0   49.599
1029.0   1040.0   49.677
1029.0   1045.0   49.807
1029.0   1050.0   49.952
1029.0   1055.0   50.067
1029.0   1060.0   50.134
1034.0   955.0   18.082
1034.0   960.0   71.427
1034.0   965.0   71.467
1034.0   970.0   49.107
1034.0   975.0   49.138
1034.0   980.0   49.181
1034.0   985.0   49.257
1034.0   990.0   49.357
1034.0   995.0   49.423
1034.0   1000.0   49.45
1034.0   1005.0   49.417
1034.0   1010.0   49.327
1034.0   1015.0   49.273
1034.0   1020.0   49.276
1034.0   1025.0   49.325
1034.0   1030.0   49.409
1034.0   1035.0   49.521
1034.0   1040.0   49.663
1034.0   1045.0   49.841
1034.0   1050.0   50.008
1034.0   1055.0   50.12
1034.0   1060.0   50.194
1039.0   955.0   -8.584
1039.0   960.0   17.953
1039.0   965.0   71.354
1039.0   970.0   71.361
1039.0   975.0   48.965
1039.0   980.0   48.981
1039.0   985.0   49.042
1039.0   990.0   49.117
1039.0   995.0   49.122
1039.0   1000.0   49.098
1039.0   1005.0   49.055
1039.0   1010.0   48.975
1039.0   1015.0   48.958
1039.0   1020.0   49.014
1039.0   1025.0   49.12
1039.0   1030.0   49.26
1039.0   1035.0   49.43
1039.0   1040.0   49.626
1039.0   1045.0   49.849
1039.0   1050.0   50.043
1039.0   1055.0   60.665
1039.0   1060.0   60.746
1044.0   955.0   -8.669
1044.0   960.0   -8.69
1044.0   965.0   -8.701
1044.0   970.0   84.328
1044.0   975.0   71.215
1044.0   980.0   48.808
1044.0   985.0   48.862
1044.0   990.0   48.888
1044.0   995.0   48.813
1044.0   1000.0   48.733
1044.0   1005.0   48.646
1044.0   1010.0   48.589
1044.0   1015.0   48.624
1044.0   1020.0   48.75
1044.0   1025.0   48.912
1044.0   1030.0   49.104
1044.0   1035.0   49.328
1044.0   1040.0   49.586
1044.0   1045.0   49.853
1044.0   1050.0   60.57
1044.0   1055.0   60.723
1044.0   1060.0   51.07
1049.0   955.0   143.485
1049.0   960.0   -8.767
1049.0   965.0   -8.77
1049.0   970.0   -8.773
1049.0   975.0   42.915
1049.0   980.0   84.201
1049.0   985.0   71.079
1049.0   990.0   48.607
1049.0   995.0   48.503
1049.0   1000.0   48.404
1049.0   1005.0   48.32
1049.0   1010.0   48.318
1049.0   1015.0   48.397
1049.0   1020.0   48.529
1049.0   1025.0   48.726
1049.0   1030.0   48.955
1049.0   1035.0   49.22
1049.0   1040.0   60.031
1049.0   1045.0   60.356
1049.0   1050.0   50.887
1049.0   1055.0   51.055
1049.0   1060.0   27.348
1054.0   955.0   176.588
1054.0   960.0   106.491
1054.0   965.0   103.737
1054.0   970.0   29.619
1054.0   975.0   -8.796
1054.0   980.0   42.824
1054.0   985.0   57.409
1054.0   990.0   57.258
1054.0   995.0   83.692
1054.0   1000.0   48.137
1054.0   1005.0   48.174
1054.0   1010.0   48.232
1054.0   1015.0   48.308
1054.0   1020.0   48.415
1054.0   1025.0   59.068
1054.0   1030.0   59.311
1054.0   1035.0   39.807
1054.0   1040.0   50.243
1054.0   1045.0   50.619
1054.0   1050.0   27.16
1054.0   1055.0   16.414
1054.0   1060.0   66.422
1059.0   955.0   102.506
1059.0   960.0   202.347
1059.0   965.0   96.653
1059.0   970.0   96.647
1059.0   975.0   119.251
1059.0   980.0   26.396
1059.0   985.0   61.091
1059.0   990.0   80.735
1059.0   995.0   95.361
1059.0   1000.0   56.847
1059.0   1005.0   67.453
1059.0   1010.0   25.364
1059.0   1015.0   62.11
1059.0   1020.0   87.561
1059.0   1025.0   87.653
1059.0   1030.0   87.908
1059.0   1035.0   26.014
1059.0   1040.0   26.39
1059.0   1045.0   15.846
1059.0   1050.0   66.119
1059.0   1055.0   71.302
1059.0   1060.0   36.946
1064.0   955.0   110.954
1064.0   960.0   135.528
1064.0   965.0   40.126
1064.0   970.0   60.125
1064.0   975.0   122.31
1064.0   980.0   129.443
1064.0   985.0   129.263
1064.0   990.0   129.1
1064.0   995.0   123.436
1064.0   1000.0   98.077
1064.0   1005.0   96.117
1064.0   1010.0   96.287
1064.0   1015.0   34.195
1064.0   1020.0   34.237
1064.0   1025.0   11.911
1064.0   1030.0   12.105
1064.0   1035.0   51.484
1064.0   1040.0   51.863
1064.0   1045.0   94.439
1064.0   1050.0   128.599
1064.0   1055.0   -26.328
1064.0   1060.0   95.085
1069.0   955.0   -21.31
1069.0   960.0   64.037
1069.0   965.0   63.958
1069.0   970.0   135.293
1069.0   975.0   10.086
1069.0   980.0   9.917
1069.0   985.0   40.58
1069.0   990.0   109.428
1069.0   995.0   132.046
1069.0   1000.0   132.121
1069.0   1005.0   183.933
1069.0   1010.0   184.094
1069.0   1015.0   173.348
1069.0   1020.0   188.234
1069.0   1025.0   188.321
1069.0   1030.0   188.399
1069.0   1035.0   188.701
1069.0   1040.0   207.599
1069.0   1045.0   161.144
1069.0   1050.0   174.448
1069.0   1055.0   -36.006
1069.0   1060.0   -30.292
1074.0   955.0   56.763
1074.0   960.0   -21.498
1074.0   965.0   -21.488
1074.0   970.0   52.917
1074.0   975.0   124.221
1074.0   980.0   14.971
1074.0   985.0   -1.303
1074.0   990.0   -1.374
1074.0   995.0   -1.317
1074.0   1000.0   -1.285
1074.0   1005.0   -1.231
1074.0   1010.0   21.538
1074.0   1015.0   104.332
1074.0   1020.0   26.929
1074.0   1025.0   27.058
1074.0   1030.0   45.652
1074.0   1035.0   27.36
1074.0   1040.0   93.644
1074.0   1045.0   59.529
1074.0   1050.0   -36.189
1074.0   1055.0   -30.441
1074.0   1060.0   -45.171
1079.0   955.0   165.238
1079.0   960.0   56.609
1079.0   965.0   56.69
1079.0   970.0   -40.073
1079.0   975.0   34.17
1079.0   980.0   33.97
1079.0   985.0   123.751
1079.0   990.0   61.463
1079.0   995.0   -2.792
1079.0   1000.0   -2.768
1079.0   1005.0   -2.752
1079.0   1010.0   -66.532
1079.0   1015.0   -47.686
1079.0   1020.0   -47.285
1079.0   1025.0   16.48
1079.0   1030.0   70.63
1079.0   1035.0   70.815
1079.0   1040.0   -74.137
1079.0   1045.0   -22.861
1079.0   1050.0   24.146
1079.0   1055.0   24.231
1079.0   1060.0   64.895
1084.0   955.0   281.023
1084.0   960.0   271.385
1084.0   965.0   271.042
1084.0   970.0   214.837
1084.0   975.0   138.456
1084.0   980.0   138.257
1084.0   985.0   -22.305
1084.0   990.0   52.192
1084.0   995.0   125.04
1084.0   1000.0   201.342
1084.0   1005.0   183.832
1084.0   1010.0   183.9
1084.0   1015.0   110.43
1084.0   1020.0   110.781
1084.0   1025.0   59.133
1084.0   1030.0   0.365
1084.0   1035.0   -33.898
1084.0   1040.0   -28.081
1084.0   1045.0   -27.852
1084.0   1050.0   -27.665
1084.0   1055.0   99.631
1084.0   1060.0   102.643
1089.0   955.0   218.479
1089.0   960.0   277.384
1089.0   965.0   197.411
1089.0   970.0   271.21
1089.0   975.0   270.717
1089.0   980.0   214.382
1089.0   985.0   214.237
1089.0   990.0   140.444
1089.0   995.0   140.573
1089.0   1000.0   43.899
1089.0   1005.0   56.193
1089.0   1010.0   -54.368
1089.0   1015.0   17.318
1089.0   1020.0   0.011
1089.0   1025.0   -34.244
1089.0   1030.0   -28.482
1089.0   1035.0   -28.394
1089.0   1040.0   42.044
1089.0   1045.0   73.228
1089.0   1050.0   199.289
1089.0   1055.0   199.435
1089.0   1060.0   199.432
